Maps/Forest Clearing (digital, day).jpg
-26.8116 804.213 -29.0121 1179.4 70.0101 805.313 50.2057 1172.8 95.3158 848.223 94.2155 1170.59 145.927 846.022 145.927 1188.2 161.331 857.025 156.93 1175 188.837 1017.66 195.438 1181.6 262.553 1022.06 275.756 1193.7 346.172 934.042 359.375 1195.9 438.593 940.643 461.698 1192.6 484.803 989.054 495.806 1180.5 516.71 905.436 560.72 1178.3 577.224 864.726 627.835 1188.2 664.143 853.724 680.647 1184.9 725.757 909.837 714.755 1184.9 747.762 931.841 753.263 1184.9 754.364 998.957 758.765 1182.7 861.088 974.751 866.589 1205.8 919.401 1034.16 931.503 1210.2 953.508 1044.07 971.112 1198.1 1005.22 1009.96 1033.83 1208 1065.73 1004.46 1093.24 1216.81 1087.74 1011.06 1143.85 1212.4 1107.54 918.638 1165.86 1208 1149.35 886.731 1205.46 1212.4 1237.37 846.022 1242.87 1199.2 1283.58 830.619 1284.68 1200.3 1355.1 848.222 1339.69 1193.7 1417.81 899.934 1388.11 1184.9 1451.92 954.946 1414.51 1204.7 1468.42 964.849 1455.22 1179.4 
-51.731 -26.9958 -60.5647 736.243 47.2074 -11.095 3.03845 715.042 98.4435 -37.5963 68.4086 693.841 167.347 -12.8619 156.747 690.307 269.819 -53.4973 253.918 753.91 361.69 -62.3311 312.221 753.91 389.958 -51.7305 421.76 570.168 453.562 -44.6635 492.43 538.366 480.063 -34.063 543.666 494.197 495.964 -41.13 579.001 388.192 
483.597 -72.9315 488.897 160.28 586.068 -53.4971 580.768 190.315 658.505 -51.7304 677.94 149.68 736.243 -55.2639 734.476 100.211 766.278 -49.9636 810.447 170.881 840.481 -49.9636 874.05 162.047 914.685 -67.6312 916.452 276.886 985.355 -74.6982 1015.39 298.087 1078.99 -92.3658 1082.53 250.385 1123.16 -94.1325 1132 128.479 1158.5 -87.0655 1188.53 96.6772 1193.83 -97.666 1218.57 38.3742 1222.1 -64.0976 
1258.76 -24.527 1263.98 154.787 1418.92 -19.3043 1389.32 184.383 1469.41 -19.3043 1467.66 160.01 1530.34 -26.2679 1540.78 198.31 1626.09 -52.3816 1587.79 250.537 1775.81 116.487 1528.6 306.246 1772.32 318.433 1479.85 384.587 1794.96 360.215 1213.49 475.115 1803.66 389.81 1215.23 515.156 1803.66 393.292 1457.22 476.856 1765.36 496.006 1410.21 558.679 1767.1 556.938 1413.7 591.756 1767.1 583.052 1460.7 654.429 1753.17 633.538 1453.74 678.802 1787.99 684.024 1500.74 720.583 1794.96 737.993 1504.22 762.365 1730.54 798.925 1457.22 835.484 1746.21 865.079 1462.44 898.157 1765.36 938.198 1518.15 960.829 1772.32 969.534 1544.27 979.979 1685.28 997.389 1591.27 1007.83 1683.54 1016.54 
815.674 731.753 821.155 773.773 840.034 682.425 868.656 784.126 880.227 680.598 900.932 770.728 921.637 695.823 927.118 738.452 
-84.2765 668.18 -109.78 851.849 -21.5968 672.998 -15.3867 848.122 -1.72449 677.966 2.00156 827.008 
1197.3 -67.0731 1309.72 -68.751 1187.24 -22.6079 1302.17 -10.8624 1185.56 -0.794875 1296.3 0.883077 
1452.9 1151.29 1662.95 1151.88 1435.75 1224.65 1711.46 1229.98 
1655.85 1001 1654.66 1170.22 1752.88 1025.85 
